Tarsun Enterprise
owner
Today
5
Orders
Money
Shops
Billing
Stock
Reports
SETUP
Prices
Staff
Settings
Updated just now
ST
Sunil Tarsun
owner
Bills & GST
Bills
GST summary
7 days
30 days
90 days
Export CSV
Bills
Credit notes
HSN	Rate	Pieces	Taxable ₹	CGST ₹	SGST ₹	IGST ₹	Total ₹

0401
	
0%
	
1002
	40,525.65	0.00	0.00	0.00	40,525.65

0402
	
5%
	
885
	86,098.72	2,152.46	2,152.46	0.00	90,403.64

0403
	
0%
	
1669
	45,361.49	0.00	0.00	0.00	45,361.49

0405
	
12%
	
2000
	4,11,355.69	24,681.39	24,681.39	0.00	4,60,718.47

0406
	
5%
	
275
	28,326.08	708.15	708.15	0.00	29,742.38

0406
	
12%
	
48
	5,585.76	335.15	335.15	0.00	6,256.06

0713
	
5%
	
1675
	1,48,295.22	3,707.38	3,707.38	0.00	1,55,709.98

0910
	
5%
	
3579
	1,45,973.59	3,649.34	3,649.34	0.00	1,53,272.27

1006
	
5%
	
344
	51,360.12	1,284.03	1,284.03	0.00	53,928.18

1101
	
5%
	
233
	24,933.10	623.35	623.35	0.00	26,179.80

1103
	
5%
	
592
	20,621.73	515.55	515.55	0.00	21,652.83

1106
	
5%
	
836
	60,975.68	1,524.39	1,524.39	0.00	64,024.46

1512
	
5%
	
772
	90,844.77	2,271.12	2,271.12	0.00	95,387.01

1701
	
5%
	
627
	39,916.58	997.93	997.93	0.00	41,912.44

1904
	
5%
	
849
	35,380.50	884.53	884.53	0.00	37,149.56

1905
	
18%
	
45395
	6,69,224.02	60,230.24	60,230.24	0.00	7,89,684.50

2008
	
5%
	
2188
	32,938.63	823.47	823.47	0.00	34,585.57

2106
	
12%
	
4554
	1,42,056.32	8,523.38	8,523.38	0.00	1,59,103.08

2106
	
18%
	
18222
	3,17,387.84	27,990.28	27,990.28	1,149.29	3,74,517.69

2201
	
18%
	
38
	511.48	46.03	46.03	0.00	603.54

2202
	
12%
	
3603
	76,088.04	4,565.27	4,565.27	0.00	85,218.58

2202
	
18%
	
48
	653.76	58.84	58.84	0.00	771.44

2202
	
28%
	
55814
	10,57,705.06	1,48,078.77	1,48,078.77	0.00	14,80,787.21

2501
	
0%
	
984
	25,047.60	0.00	0.00	0.00	25,047.60

3304
	
18%
	
1314
	51,051.75	4,594.66	4,594.66	0.00	60,241.07

3305
	
18%
	
739
	26,192.53	2,357.32	2,357.32	0.00	30,907.17

3306
	
18%
	
4101
	1,18,200.64	10,638.04	10,638.04	0.00	1,39,476.72

3401
	
18%
	
10697
	3,15,569.63	28,401.22	28,401.22	0.00	3,72,372.07

3402
	
18%
	
667
	58,769.60	5,289.24	5,289.24	0.00	69,348.08

3808
	
18%
	
351
	29,657.03	2,669.13	2,669.13	0.00	34,995.29

9603
	
18%
	
144
	4,908.96	441.81	441.81	0.00	5,792.58
Total			41,61,517.57				49,85,676.41