Waiting for a decision | [42,1123][543,184]
Asked rate | [42,1123][1038,386]
₹39.58 | [42,1123][1038,476]
SO-0911 | [42,1123][1038,981]
Asked rate | [42,1123][1038,1050]
₹45.54 | [42,1123][1038,1140]
SO-0911 | [42,1588][1038,1646]
Over credit limit | [42,1667][1038,1715]
₹1,375.00 | [42,1736][1038,1805]
SO-0898 | [42,2252][1038,2171]
Asked rate | [42,2331][1038,2171]
--- swipe 1
SO-0911 | [42,1123][1038,243]
Asked rate | [42,1123][1038,312]
₹45.54 | [42,1123][1038,402]
SO-0911 | [42,1123][1038,908]
Over credit limit | [42,1123][1038,977]
₹1,375.00 | [42,1123][1038,1067]
SO-0898 | [42,1514][1038,1572]
Asked rate | [42,1593][1038,1641]
₹20.14 | [42,1662][1038,1731]
SO-0887 | [42,2178][1038,2171]
Over credit limit | [42,2257][1038,2171]
₹854.00 | [42,2326][1038,2171]
--- swipe 2
SO-0911 | [42,1123][1038,182]
Over credit limit | [42,1123][1038,251]
₹1,375.00 | [42,1123][1038,341]
SO-0898 | [42,1123][1038,846]
Asked rate | [42,1123][1038,915]
₹20.14 | [42,1123][1038,1005]
SO-0887 | [42,1452][1038,1510]
Over credit limit | [42,1531][1038,1579]
₹854.00 | [42,1600][1038,1669]
SO-0886 | [42,2116][1038,2171]
Over credit limit | [42,2195][1038,2171]
₹10,119.00 | [42,2264][1038,2171]
--- swipe 3
SO-0898 | [42,1123][1038,121]
Asked rate | [42,1123][1038,190]
₹20.14 | [42,1123][1038,280]
SO-0887 | [42,1123][1038,785]
Over credit limit | [42,1123][1038,854]
₹854.00 | [42,1123][1038,944]
SO-0886 | [42,1391][1038,1449]
Over credit limit | [42,1470][1038,1518]
₹10,119.00 | [42,1539][1038,1608]
SO-0885 | [42,2055][1038,2113]
Over credit limit | [42,2134][1038,2171]
₹5,855.00 | [42,2203][1038,2171]
--- swipe 4
SO-0887 | [42,1123][1038,23]
Over credit limit | [42,1123][1038,92]
₹854.00 | [42,1123][1038,182]
SO-0886 | [42,1123][1038,687]
Over credit limit | [42,1123][1038,756]
₹10,119.00 | [42,1123][1038,846]
SO-0885 | [42,1293][1038,1351]
Over credit limit | [42,1372][1038,1420]
₹5,855.00 | [42,1441][1038,1510]
SO-0882 | [42,1958][1038,2016]
Over credit limit | [42,2037][1038,2085]
₹2,336.00 | [42,2106][1038,2171]
--- swipe 5
Over credit limit | [42,1123][1038,29]
₹10,119.00 | [42,1123][1038,119]
SO-0885 | [42,1123][1038,624]
Over credit limit | [42,1123][1038,693]
₹5,855.00 | [42,1123][1038,783]
SO-0882 | [42,1231][1038,1289]
Over credit limit | [42,1310][1038,1358]
₹2,336.00 | [42,1379][1038,1448]
SO-0879 | [42,1895][1038,1953]
Over credit limit | [42,1974][1038,2022]
₹32,030.00 | [42,2043][1038,2112]
--- swipe 6
₹5,855.00 | [42,1123][1038,62]
SO-0882 | [42,1123][1038,568]
Over credit limit | [42,1123][1038,637]
₹2,336.00 | [42,1123][1038,727]
SO-0879 | [42,1174][1038,1232]
Over credit limit | [42,1253][1038,1301]
₹32,030.00 | [42,1322][1038,1391]
Asked rate | [42,1917][1038,1965]
₹13.00 | [42,1986][1038,2055]
--- swipe 7
₹2,336.00 | [42,1123][1038,2]
SO-0879 | [42,1123][1038,507]
Over credit limit | [42,1123][1038,576]
₹32,030.00 | [42,1123][1038,666]
Asked rate | [42,1192][1038,1240]
₹13.00 | [42,1261][1038,1330]
Asked rate | [42,1856][1038,1904]
₹22.28 | [42,1925][1038,1994]
--- swipe 8
SO-0879 | [42,1123][1038,247]
Over credit limit | [42,1123][1038,316]
₹32,030.00 | [42,1123][1038,406]
Asked rate | [42,1123][1038,980]
₹13.00 | [42,1123][1038,1070]
Asked rate | [42,1596][1038,1644]
₹22.28 | [42,1665][1038,1734]
Today | [85,2230][185,2278]
--- swipe 9
SO-0879 | [42,1123][1038,247]
Over credit limit | [42,1123][1038,316]
₹32,030.00 | [42,1123][1038,406]
Asked rate | [42,1123][1038,980]
₹13.00 | [42,1123][1038,1070]
Asked rate | [42,1596][1038,1644]
₹22.28 | [42,1665][1038,1734]
Today | [85,2230][185,2278]
--- swipe 10
SO-0879 | [42,1123][1038,247]
Over credit limit | [42,1123][1038,316]
₹32,030.00 | [42,1123][1038,406]
Asked rate | [42,1123][1038,980]
₹13.00 | [42,1123][1038,1070]
Asked rate | [42,1596][1038,1644]
₹22.28 | [42,1665][1038,1734]
Today | [85,2230][185,2278]
--- swipe 11
