Tarsun Enterprise
manager
Today
Orders
Fulfilment
Billing
9
Inbound
Money
Registers
Shops
Stock
SETUP
Prices
Messages
Updated just now
VK
Vikas Kadam
manager
Registers
7 days
30 days
90 days
Export CSV
Registers
Tally
Team
GSTR-1 for Sep 2026 is due on the 11th — 29 days left
Sales register
GST summary
Purchase register
✓ Collections
Outstanding
Trial balance
Day book
Daily sales
Date	Cash	UPI	Cheque	Bank transfer	Collected ₹	Bills issued

2026-08-14
	22,398.00	25,318.00	12,526.00	0.00	60,242.00	
9


2026-08-15
	54,823.00	78,481.00	9,954.00	34,357.00	1,77,615.00	
15


2026-08-17
	1,36,414.06	32,141.00	59,258.00	6,540.00	2,34,353.06	
18


2026-08-18
	14,032.00	56,772.00	0.00	56,157.00	1,26,961.00	
11


2026-08-19
	41,728.00	46,461.00	0.00	0.00	88,189.00	
8


2026-08-20
	95,599.00	42,566.00	0.00	22,791.00	1,60,956.00	
11


2026-08-21
	57,148.00	69,659.00	0.00	0.00	1,26,807.00	
11


2026-08-22
	7,556.00	74,069.00	18,649.00	3,202.00	1,03,476.00	
11


2026-08-24
	1,43,049.00	59,355.08	29,349.00	74,688.00	3,06,441.08	
15


2026-08-25
	29,346.00	57,201.56	14,788.00	0.00	1,01,335.56	
11


2026-08-26
	27,311.00	79,982.00	33,787.00	0.00	1,41,080.00	
13


2026-08-27
	32,979.00	38,891.00	0.00	33,788.00	1,05,658.00	
12


2026-08-28
	22,764.00	68,820.00	6,387.00	34,410.00	1,32,381.00	
12


2026-08-29
	1,08,785.00	3,04,614.00	34,336.00	1,70,888.00	6,18,623.00	
29


2026-08-31
	1,06,634.00	17,747.00	0.00	38,882.00	1,63,263.00	
10


2026-09-01
	3,40,226.78	18,978.00	0.00	49,097.00	4,08,301.78	
14


2026-09-02
	85,576.12	37,055.00	28,398.00	53,326.00	2,04,355.12	
11


2026-09-03
	95,672.90	73,647.00	0.00	37,553.00	2,06,872.90	
12


2026-09-04
	47,868.00	1,22,812.72	63,152.00	0.00	2,33,832.72	
17


2026-09-05
	68,560.00	2,25,340.00	87,520.00	24,448.00	4,05,868.00	
26


2026-09-07
	39,825.00	55,374.00	21,444.74	20,035.00	1,36,678.74	
12


2026-09-08
	1,46,396.58	29,719.00	5,969.00	1,09,548.07	2,91,632.65	
14


2026-09-09
	82,045.00	5,236.00	0.00	85,924.80	1,73,205.80	
11


2026-09-10
	2,37,134.00	71,576.00	1,11,092.98	28,757.00	4,48,559.98	
17


2026-09-11
	1,99,843.00	19,532.00	32,512.00	0.00	2,51,887.00	
16


2026-09-12
	1,65,386.72	1,89,366.87	29,952.00	74,270.08	4,58,975.67	
21

Total					58,67,551.06	
14 Aug — 12 Sep