Tarsun Enterprise
manager
Today
Orders
Fulfilment
Billing
9
Inbound
Money
Registers
Shops
Stock
SETUP
Prices
Messages
Updated just now
VK
Vikas Kadam
manager
Registers
7 days
30 days
90 days
Export CSV
Registers
Tally
Team
GSTR-1 for Sep 2026 is due on the 11th — 29 days left
Sales register
GST summary
Purchase register
Collections
Outstanding
Trial balance
Day book
✓ Daily sales
Date	Order queue	Invoiced today	Collected ₹	Owed ₹	Shop

12 Sep 2026
	
13
	1,50,147.00	4,49,793.67	44,24,374.00	
13


11 Sep 2026
	
14
	1,81,010.00	2,51,887.00	47,28,219.00	
13


10 Sep 2026
	
10
	2,26,677.00	4,48,559.98	47,70,346.00	
9


9 Sep 2026
	
11
	1,08,804.00	1,73,205.80	49,86,466.00	
11


8 Sep 2026
	
11
	1,39,915.00	2,91,632.65	50,54,267.00	
11


7 Sep 2026
	
10
	3,22,407.00	1,36,678.74	52,40,081.00	
10


5 Sep 2026
	
11
	2,12,896.00	4,05,868.00	50,59,709.00	
11


4 Sep 2026
	
16
	1,99,891.00	2,33,832.72	52,23,605.00	
16


3 Sep 2026
	
9
	1,07,223.00	2,06,872.90	52,60,022.00	
9


2 Sep 2026
	
10
	1,12,963.00	2,04,355.12	53,51,695.00	
10


1 Sep 2026
	
12
	2,10,610.00	4,08,301.78	54,37,771.00	
12


31 Aug 2026
	
16
	2,20,582.00	1,63,263.00	56,32,757.00	
15


29 Aug 2026
	
7
	1,23,510.00	6,18,623.00	56,68,320.00	
7


28 Aug 2026
	
16
	2,84,158.00	1,32,381.00	61,12,383.00	
16


27 Aug 2026
	
14
	1,42,087.00	1,05,658.00	59,55,796.00	
14


26 Aug 2026
	
12
	1,96,717.00	1,41,080.00	59,02,128.00	
12


25 Aug 2026
	
11
	4,27,334.00	1,01,335.56	58,46,491.00	
11


24 Aug 2026
	
7
	2,26,456.00	3,06,441.08	55,21,481.00	
7


22 Aug 2026
	
10
	1,48,453.00	1,03,476.00	56,05,880.00	
9


21 Aug 2026
	
17
	2,54,785.00	1,26,807.00	56,14,636.00	
17


20 Aug 2026
	
7
	1,44,298.00	1,60,956.00	54,87,350.00	
7


19 Aug 2026
	
12
	1,03,019.00	88,189.00	55,04,498.00	
12


18 Aug 2026
	
10
	98,059.00	1,26,961.00	54,90,018.00	
10


17 Aug 2026
	
11
	2,33,960.00	2,34,353.06	54,62,763.00	
11


15 Aug 2026
	
11
	2,06,681.00	1,77,615.00	54,82,851.00	
11


14 Aug 2026
	
15
	2,03,035.00	60,242.00	54,45,297.00	
15
14 Aug — 12 Sep