Tarsun Enterprise
manager
Today
Orders
Fulfilment
Billing
9
Inbound
Money
Registers
Shops
Stock
SETUP
Prices
Messages
Updated just now
VK
Vikas Kadam
manager
Registers
7 days
30 days
90 days
Export CSV
Registers
Tally
Team
GSTR-1 for Sep 2026 is due on the 11th — 29 days left
Sales register
GST summary
✓ Purchase register
Collections
Outstanding
Trial balance
Day book
Daily sales
HSN	Rate	Pieces	Taxable ₹	CGST ₹	SGST ₹	IGST ₹	Total ₹

0401
	
0%
	
744
	29,081.88	0.00	0.00	0.00	29,081.88

0402
	
5%
	
324
	29,364.12	734.10	734.10	0.00	30,832.32

0403
	
0%
	
1688
	41,186.94	0.00	0.00	0.00	41,186.94

0405
	
12%
	
1880
	3,64,958.52	21,897.53	21,897.53	0.00	4,08,753.58

0406
	
5%
	
384
	36,243.84	906.11	906.11	0.00	38,056.06

0713
	
5%
	
1272
	1,11,172.72	2,779.33	2,779.33	0.00	1,16,731.38

0910
	
5%
	
2400
	77,972.16	1,949.30	1,949.30	0.00	81,870.76

1006
	
5%
	
217
	28,478.65	711.97	711.97	0.00	29,902.59

1101
	
5%
	
114
	19,376.80	484.43	484.43	0.00	20,345.66

1103
	
5%
	
588
	19,297.08	482.43	482.43	0.00	20,261.94

1106
	
5%
	
520
	36,982.80	924.57	924.57	0.00	38,831.94

1512
	
5%
	
696
	78,279.12	1,956.97	1,956.97	0.00	82,193.06

1701
	
5%
	
565
	32,422.15	810.56	810.56	0.00	34,043.27

1904
	
5%
	
312
	13,918.80	347.97	347.97	0.00	14,614.74

1905
	
18%
	
36930
	5,02,115.88	37,869.17	37,869.17	14,642.55	5,92,496.77

2008
	
5%
	
1764
	30,907.80	0.00	0.00	1,545.39	32,453.19

2106
	
12%
	
3102
	80,588.22	4,835.28	4,835.28	0.00	90,258.78

2106
	
18%
	
15438
	2,63,661.66	23,729.53	23,729.53	0.00	3,11,120.72

2202
	
12%
	
2010
	40,526.70	2,431.60	2,431.60	0.00	45,389.90

2202
	
18%
	
48
	586.56	52.79	52.79	0.00	692.14

2202
	
28%
	
42792
	7,80,051.12	1,09,207.16	1,09,207.16	0.00	10,92,071.59

2501
	
0%
	
864
	21,202.56	0.00	0.00	0.00	21,202.56

3304
	
18%
	
768
	29,575.68	0.00	0.00	5,323.62	34,899.30

3305
	
18%
	
720
	20,224.80	0.00	0.00	3,640.46	23,865.26

3306
	
18%
	
2400
	58,443.84	0.00	0.00	10,519.90	68,963.74

3401
	
18%
	
6588
	1,74,490.32	0.00	0.00	31,408.27	2,05,898.59

3402
	
18%
	
296
	37,196.80	0.00	0.00	6,695.42	43,892.22

3808
	
18%
	
120
	6,496.80	0.00	0.00	1,169.42	7,666.22
Total			29,64,804.32				35,57,577.10
14 Aug — 12 Sep